atoms,cores,timesteps,outfreq,task,run,time,normalized_time,cumulative_stime,stime,normalized_stime,cumulative_utime,utime,normalized_utime,cumulative_iowait,iowait,normalized_iowait,cumulative_write_bytes,write_bytes,normalized_write_bytes,cumulative_syscw,syscw,normalized_syscw,cumulative_read_bytes,read_bytes,normalized_read_bytes,cumulative_syscr,syscr,normalized_syscr,cumulative_vmRSS,vmRSS,normalized_vmRSS,cumulative_vmSize,vmSize,normalized_vmSize
L,H,L,H,namd_ID0000002,1,25,1.0,701.73,18.71,1.0,5093.21,1423.47,1.0,4.26,0.0,1.0,5878411.0,17614.0,1.0,8890.0,317.0,1.0,44397068.0,4181577.0,1.0,860159.0,34034.0,1.0,6133068.0,13700.0,1.0,984944932.0,83972.0,1.0
L,H,L,H,namd_ID0000002,1,20,0.8,683.02,33.98,0.97334,3669.74,1408.17,0.72052,4.26,0.0,1.0,5860797.0,266080.0,0.997,8573.0,1408.0,0.96434,40215491.0,777911.0,0.90581,826125.0,2411.0,0.96043,6119368.0,3868.0,0.99777,984860960.0,65536.0,0.99991
L,H,L,H,namd_ID0000002,1,15,0.6,649.04,124.07,0.92491,2261.57,1666.42,0.44404,4.26,0.0,1.0,5594717.0,892915.0,0.95174,7165.0,4541.0,0.80596,39437580.0,1557442.0,0.88829,823714.0,4691.0,0.95763,6115500.0,15952.0,0.99714,984795424.0,65536.0,0.99985
L,H,L,H,namd_ID0000002,1,9,0.36,524.97,524.97,0.74811,595.15,595.12,0.11685,4.26,4.26,1.0,4701802.0,450208.0,0.79984,2624.0,2352.0,0.29516,37880138.0,33682559.0,0.85321,819023.0,818321.0,0.95218,6099548.0,6097344.0,0.99453,984729888.0,984673380.0,0.99978
L,H,L,H,namd_ID0000002,1,0,0.0,0.0,0.0,0.0,0.03,0.03,1.0e-05,0.0,0.0,0.0,4251594.0,4251594.0,0.72326,272.0,272.0,0.0306,4197579.0,4197579.0,0.09455,702.0,702.0,0.00082,2204.0,2204.0,0.00036,56508.0,56508.0,6.0e-05
L,H,L,H,namd_ID0000002,2,25,1.0,688.89,17.19,1.0,5191.93,1424.93,1.0,1.29,0.0,1.0,5899045.0,12403.0,1.0,9070.0,149.0,1.0,43714726.0,103057.0,1.0,854237.0,439.0,1.0,6110644.0,1784.0,1.0,984694900.0,0.0,1.0
L,H,L,H,namd_ID0000002,2,20,0.8,671.7,32.02,0.97505,3767.0,1410.27,0.72555,1.29,0.0,1.0,5886642.0,197277.0,0.9979,8921.0,1069.0,0.98357,43611669.0,554222.0,0.99764,853798.0,1761.0,0.99949,6108860.0,3132.0,0.99971,984694900.0,0.0,1.0
L,H,L,H,namd_ID0000002,2,15,0.6,639.68,95.7,0.92857,2356.73,1506.41,0.45392,1.29,0.0,1.0,5689365.0,935156.0,0.96446,7852.0,4856.0,0.86571,43057447.0,4652095.0,0.98496,852037.0,29569.0,0.99742,6105728.0,22392.0,0.9992,984694900.0,6144.0,1.0
L,H,L,H,namd_ID0000002,2,9,0.36,543.98,543.98,0.78965,850.32,850.3,0.16378,1.29,1.29,1.0,4754209.0,502595.0,0.80593,2996.0,2725.0,0.33032,38405352.0,34207754.0,0.87854,822468.0,821763.0,0.96281,6083336.0,6081064.0,0.99553,984688756.0,984566804.0,0.99999
L,H,L,H,namd_ID0000002,2,0,0.0,0.0,0.0,0.0,0.02,0.02,0.0,0.0,0.0,0.0,4251614.0,4251614.0,0.72073,271.0,271.0,0.02988,4197598.0,4197598.0,0.09602,705.0,705.0,0.00083,2272.0,2272.0,0.00037,121952.0,121952.0,0.00012
L,H,L,H,namd_ID0000002,3,25,1.0,697.39,19.65,1.0,5035.13,1422.6,1.0,1.89,0.0,1.0,5895819.0,19286.0,1.0,9196.0,364.0,1.0,49244045.0,5114957.0,1.0,900107.0,41657.0,1.0,6144284.0,12544.0,1.0,984925992.0,131204.0,1.0
L,H,L,H,namd_ID0000002,3,20,0.8,677.74,37.84,0.97182,3612.53,1424.32,0.71747,1.89,0.01,1.0,5876533.0,295116.0,0.99673,8832.0,1547.0,0.96042,44129088.0,859315.0,0.89613,858450.0,2645.0,0.95372,6131740.0,3512.0,0.99796,984794788.0,65536.0,0.99987
L,H,L,H,namd_ID0000002,3,15,0.6,639.9,147.97,0.91756,2188.21,1467.73,0.43459,1.88,0.1,0.99471,5581417.0,902853.0,0.94667,7285.0,4911.0,0.79219,43269773.0,10150613.0,0.87868,855805.0,75362.0,0.95078,6128228.0,582176.0,0.99739,984729252.0,89042504.0,0.9998
L,H,L,H,namd_ID0000002,3,10,0.4,491.93,491.91,0.70539,720.48,720.48,0.14309,1.78,1.78,0.9418,4678564.0,426966.0,0.79354,2374.0,2103.0,0.25816,33119160.0,28921578.0,0.67255,780443.0,779738.0,0.86706,5546052.0,5543848.0,0.90264,895686748.0,895564704.0,0.90939
L,H,L,H,namd_ID0000002,3,0,0.0,0.02,0.02,3.0e-05,0.0,0.0,0.0,0.0,0.0,0.0,4251598.0,4251598.0,0.72112,271.0,271.0,0.02947,4197582.0,4197582.0,0.08524,705.0,705.0,0.00078,2204.0,2204.0,0.00036,122044.0,122044.0,0.00012
L,H,L,H,namd_ID0000002,4,25,1.0,702.43,20.79,1.0,4780.83,1421.44,1.0,8.93,0.0,1.0,5874659.0,12368.0,1.0,8755.0,148.0,1.0,40598849.0,103296.0,1.0,828709.0,439.0,1.0,6107776.0,1576.0,1.0,984715876.0,65536.0,1.0
L,H,L,H,namd_ID0000002,4,20,0.8,681.64,51.88,0.9704,3359.39,1486.84,0.70268,8.93,0.0,1.0,5862291.0,379324.0,0.99789,8607.0,1965.0,0.9831,40495553.0,1180832.0,0.99746,828270.0,3581.0,0.99947,6106200.0,7992.0,0.99974,984650340.0,131072.0,0.99993
L,H,L,H,namd_ID0000002,4,15,0.6,629.76,199.78,0.89654,1872.55,1437.66,0.39168,8.93,1.59,1.0,5482967.0,818176.0,0.93333,6642.0,4436.0,0.75865,39314721.0,8696856.0,0.96837,824689.0,65180.0,0.99515,6098208.0,1058260.0,0.99843,984519268.0,167482000.0,0.9998
L,H,L,H,namd_ID0000002,4,8,0.32,429.98,429.96,0.61213,434.89,434.89,0.09097,7.34,7.34,0.82195,4664791.0,413192.0,0.79405,2206.0,1934.0,0.25197,30617865.0,26420279.0,0.75416,759509.0,758808.0,0.9165,5039948.0,5037740.0,0.82517,817037268.0,816980760.0,0.82972
L,H,L,H,namd_ID0000002,4,0,0.0,0.02,0.02,3.0e-05,0.0,0.0,0.0,0.0,0.0,0.0,4251599.0,4251599.0,0.72372,272.0,272.0,0.03107,4197586.0,4197586.0,0.10339,701.0,701.0,0.00085,2208.0,2208.0,0.00036,56508.0,56508.0,6.0e-05
L,H,L,H,namd_ID0000002,5,24,1.0,708.51,17.82,1.0,5026.9,1425.31,1.0,2.32,0.0,1.0,5880332.0,11405.0,1.0,8915.0,136.0,1.0,40585636.0,103307.0,1.0,828534.0,436.0,1.0,6120980.0,2324.0,1.0,984854504.0,0.0,1.0
L,H,L,H,namd_ID0000002,5,19,0.79167,690.69,33.09,0.97485,3601.59,1408.35,0.71646,2.32,0.0,1.0,5868927.0,653776.0,0.99806,8779.0,3358.0,0.98474,40482329.0,1438698.0,0.99745,828098.0,4349.0,0.99947,6118656.0,14172.0,0.99962,984854504.0,0.0,1.0
L,H,L,H,namd_ID0000002,5,14,0.58333,657.6,125.84,0.92814,2193.24,1641.9,0.4363,2.32,0.1,1.0,5215151.0,700355.0,0.88688,5421.0,4898.0,0.60808,39043631.0,31413922.0,0.96201,823749.0,789505.0,0.99422,6104484.0,1317180.0,0.99731,984854504.0,2630980.0,1.0
L,H,L,H,namd_ID0000002,5,9,0.375,531.76,531.74,0.75053,551.34,551.33,0.10968,2.22,2.22,0.9569,4514796.0,262925.0,0.76778,523.0,250.0,0.05867,7629709.0,3431817.0,0.18799,34244.0,33541.0,0.04133,4787304.0,4785012.0,0.78211,982223524.0,982101572.0,0.99733
L,H,L,H,namd_ID0000002,5,0,0.0,0.02,0.02,3.0e-05,0.01,0.01,0.0,0.0,0.0,0.0,4251871.0,4251871.0,0.72307,273.0,273.0,0.03062,4197892.0,4197892.0,0.10343,703.0,703.0,0.00085,2292.0,2292.0,0.00037,121952.0,121952.0,0.00012
L,H,L,H,namd_ID0000002,6,29,1.0,705.02,16.6,1.0,5509.75,1431.07,1.0,3.51,0.0,1.0,5918414.0,18104.0,1.0,10115.0,349.0,1.0,60660425.0,4908850.0,1.0,993704.0,39911.0,1.0,6146328.0,6444.0,1.0,985150472.0,83968.0,1.0
L,H,L,H,namd_ID0000002,6,24,0.82759,688.42,28.81,0.97645,4078.68,1413.8,0.74027,3.51,0.01,1.0,5900310.0,381696.0,0.99694,9766.0,2221.0,0.9655,55751575.0,6764686.0,0.91908,953793.0,50801.0,0.95984,6139884.0,13488.0,0.99895,985066504.0,24576.0,0.99991
L,H,L,H,namd_ID0000002,6,19,0.65517,659.61,87.39,0.93559,2664.88,1650.91,0.48367,3.5,0.0,0.99715,5518614.0,846826.0,0.93245,7545.0,5018.0,0.74592,48986889.0,11055521.0,0.80756,902992.0,83457.0,0.90871,6126396.0,37600.0,0.99676,985041928.0,160332.0,0.99989
L,H,L,H,namd_ID0000002,6,14,0.48276,572.22,572.2,0.81164,1013.97,1013.96,0.18403,3.5,3.5,0.99715,4671788.0,420172.0,0.78936,2527.0,2255.0,0.24983,37931368.0,33733531.0,0.62531,819535.0,818833.0,0.82473,6088796.0,6086512.0,0.99064,984881596.0,984759644.0,0.99973
L,H,L,H,namd_ID0000002,6,5,0.17241,0.02,0.0,3.0e-05,0.01,0.0,0.0,0.0,0.0,0.0,4251616.0,0.0,0.71837,272.0,0.0,0.02689,4197837.0,242.0,0.0692,702.0,1.0,0.00071,2284.0,12.0,0.00037,121952.0,0.0,0.00012
L,H,L,H,namd_ID0000002,6,0,0.0,0.02,0.02,3.0e-05,0.01,0.01,0.0,0.0,0.0,0.0,4251616.0,4251616.0,0.71837,272.0,272.0,0.02689,4197595.0,4197595.0,0.0692,701.0,701.0,0.00071,2272.0,2272.0,0.00037,121952.0,121952.0,0.00012
