atoms,cores,timesteps,outfreq,task,run,time,normalized_time,cumulative_stime,stime,normalized_stime,cumulative_utime,utime,normalized_utime,cumulative_iowait,iowait,normalized_iowait,cumulative_write_bytes,write_bytes,normalized_write_bytes,cumulative_syscw,syscw,normalized_syscw,cumulative_read_bytes,read_bytes,normalized_read_bytes,cumulative_syscr,syscr,normalized_syscr,cumulative_vmRSS,vmRSS,normalized_vmRSS,cumulative_vmSize,vmSize,normalized_vmSize
L,L,L,L,namd_ID0000002,1,55,1.0,361.07,1.43,1.0,7059.9,719.68,1.0,2.67,0.0,1.0,7528351.0,233699.0,1.0,9624.0,153.0,1.0,34873529.0,62848.0,1.0,778848.0,272.0,1.0,3100636.0,284.0,1.0,493018544.0,65536.0,1.0
L,L,L,L,namd_ID0000002,1,50,0.90909,359.64,1.71,0.99604,6340.22,719.22,0.89806,2.67,0.0,1.0,7294652.0,234723.0,0.96896,9471.0,182.0,0.9841,34810681.0,827997.0,0.9982,778576.0,6526.0,0.99965,3100352.0,300.0,0.99991,492953008.0,131340.0,0.99987
L,L,L,L,namd_ID0000002,1,45,0.81818,357.93,2.65,0.9913,5621.0,718.5,0.79619,2.67,0.0,1.0,7059929.0,238099.0,0.93778,9289.0,318.0,0.96519,33982684.0,4065160.0,0.97445,772050.0,33231.0,0.99127,3100052.0,4424.0,0.99981,492821668.0,71680.0,0.9996
L,L,L,L,namd_ID0000002,1,40,0.72727,355.28,3.23,0.98396,4902.5,717.96,0.69441,2.67,0.0,1.0,6821830.0,241495.0,0.90615,8971.0,370.0,0.93215,29917524.0,4683037.0,0.85789,738819.0,38285.0,0.9486,3095628.0,13736.0,0.99838,492749988.0,6144.0,0.99946
L,L,L,L,namd_ID0000002,1,35,0.63636,352.05,3.26,0.97502,4184.54,717.7,0.59272,2.67,0.0,1.0,6580335.0,233908.0,0.87407,8601.0,152.0,0.8937,25234487.0,68869.0,0.7236,700534.0,291.0,0.89945,3081892.0,280.0,0.99395,492743844.0,65536.0,0.99944
L,L,L,L,namd_ID0000002,1,30,0.54545,348.79,4.87,0.96599,3466.84,716.21,0.49106,2.67,0.0,1.0,6346427.0,233865.0,0.843,8449.0,154.0,0.87791,25165618.0,62959.0,0.72163,700243.0,272.0,0.89908,3081612.0,268.0,0.99386,492678308.0,132.0,0.99931
L,L,L,L,namd_ID0000002,1,25,0.45455,343.92,7.33,0.9525,2750.63,713.95,0.38961,2.67,0.0,1.0,6112562.0,233895.0,0.81194,8295.0,151.0,0.86191,25102659.0,68867.0,0.71982,699971.0,291.0,0.89873,3081344.0,532.0,0.99378,492678176.0,65672.0,0.99931
L,L,L,L,namd_ID0000002,1,20,0.36364,336.59,13.25,0.9322,2036.68,708.49,0.28849,2.67,0.0,1.0,5878667.0,598075.0,0.78087,8144.0,2003.0,0.84622,25033792.0,886578.0,0.71785,699680.0,2687.0,0.89835,3080812.0,2204.0,0.99361,492612504.0,1708.0,0.99918
L,L,L,L,namd_ID0000002,1,15,0.27273,323.34,35.0,0.89551,1328.19,747.07,0.18813,2.67,0.01,1.0,5280592.0,800331.0,0.70143,6141.0,4111.0,0.63809,24147214.0,2408564.0,0.69242,696993.0,12532.0,0.8949,3078608.0,33308.0,0.9929,492610796.0,3547276.0,0.99917
L,L,L,L,namd_ID0000002,1,9,0.16364,288.34,288.34,0.79857,581.12,581.1,0.08231,2.66,2.66,0.99625,4480261.0,228980.0,0.59512,2030.0,1759.0,0.21093,21738650.0,17541287.0,0.62336,684461.0,683756.0,0.87881,3045300.0,3043056.0,0.98215,489063520.0,488941568.0,0.99198
L,L,L,L,namd_ID0000002,1,0,0.0,0.0,0.0,0.0,0.02,0.02,0.0,0.0,0.0,0.0,4251281.0,4251281.0,0.5647,271.0,271.0,0.02816,4197363.0,4197363.0,0.12036,705.0,705.0,0.00091,2244.0,2244.0,0.00072,121952.0,121952.0,0.00025
L,L,L,L,namd_ID0000002,2,40,1.0,369.59,1.94,1.0,6090.61,719.16,1.0,6.94,0.0,1.0,7284112.0,233780.0,1.0,9214.0,152.0,1.0,32745359.0,68383.0,1.0,761561.0,291.0,1.0,3094808.0,24.0,1.0,492671396.0,0.0,1.0
L,L,L,L,namd_ID0000002,2,35,0.875,367.65,2.86,0.99475,5371.45,718.3,0.88192,6.94,0.0,1.0,7050332.0,240727.0,0.96791,9062.0,348.0,0.9835,32676976.0,4269869.0,0.99791,761270.0,34787.0,0.99962,3094784.0,9840.0,0.99999,492671396.0,24576.0,1.0
L,L,L,L,namd_ID0000002,2,30,0.75,364.79,3.13,0.98701,4653.15,718.22,0.76399,6.94,0.0,1.0,6809605.0,233824.0,0.93486,8714.0,183.0,0.94573,28407107.0,869408.0,0.86752,726483.0,6937.0,0.95394,3084944.0,2428.0,0.99681,492646820.0,12428.0,0.99995
L,L,L,L,namd_ID0000002,2,25,0.625,361.66,4.25,0.97854,3934.93,716.92,0.64607,6.94,0.0,1.0,6575781.0,233939.0,0.90276,8531.0,153.0,0.92587,27537699.0,68503.0,0.84096,719546.0,291.0,0.94483,3082516.0,564.0,0.99603,492634392.0,65536.0,0.99992
L,L,L,L,namd_ID0000002,2,20,0.5,357.41,6.12,0.96704,3218.01,714.91,0.52836,6.94,0.0,1.0,6341842.0,234897.0,0.87064,8378.0,164.0,0.90927,27469196.0,68507.0,0.83887,719255.0,294.0,0.94445,3081952.0,796.0,0.99585,492568856.0,264.0,0.99979
L,L,L,L,namd_ID0000002,2,15,0.375,351.29,9.69,0.95049,2503.1,711.36,0.41098,6.94,0.0,1.0,6106945.0,233862.0,0.83839,8214.0,153.0,0.89147,27400689.0,62646.0,0.83678,718961.0,272.0,0.94406,3081156.0,792.0,0.99559,492568592.0,65936.0,0.99979
L,L,L,L,namd_ID0000002,2,10,0.25,341.6,18.31,0.92427,1791.74,702.62,0.29418,6.94,0.0,1.0,5873083.0,637634.0,0.80629,8061.0,2207.0,0.87486,27338043.0,1150406.0,0.83487,718689.0,3460.0,0.94371,3080364.0,2644.0,0.99533,492502656.0,264.0,0.99966
L,L,L,L,namd_ID0000002,2,5,0.125,323.29,69.78,0.87473,1089.12,825.69,0.17882,6.94,0.0,1.0,5235449.0,773952.0,0.71875,5854.0,4194.0,0.63534,26187637.0,5812120.0,0.79974,715229.0,41530.0,0.93916,3077720.0,17268.0,0.99448,492502392.0,145804.0,0.99966
L,L,L,L,namd_ID0000002,2,0,0.0,253.51,253.51,0.68592,263.43,263.43,0.04325,6.94,6.94,1.0,4461497.0,4461497.0,0.6125,1660.0,1660.0,0.18016,20375517.0,20375517.0,0.62224,673699.0,673699.0,0.88463,3060452.0,3060452.0,0.9889,492356588.0,492356588.0,0.99936
L,L,L,L,namd_ID0000002,3,70,1.0,364.31,1.34,1.0,6624.1,704.7,1.0,5.4,0.0,1.0,7292614.0,10497.0,1.0,9337.0,120.0,1.0,33107877.0,68071.0,1.0,764275.0,282.0,1.0,3034472.0,236.0,1.0,482804500.0,131208.0,1.0
L,L,L,L,namd_ID0000002,3,65,0.92857,362.97,1.66,0.99632,5919.4,704.54,0.89362,5.4,0.0,1.0,7282117.0,233684.0,0.99856,9217.0,153.0,0.98715,33039806.0,62317.0,0.99794,763993.0,269.0,0.99963,3034236.0,544.0,0.99992,482673292.0,264.0,0.99973
L,L,L,L,namd_ID0000002,3,60,0.85714,361.31,2.19,0.99177,5214.86,704.16,0.78726,5.4,0.0,1.0,7048433.0,233774.0,0.96652,9064.0,150.0,0.97076,32977489.0,68243.0,0.99606,763724.0,288.0,0.99928,3033692.0,804.0,0.99974,482673028.0,65804.0,0.99973
L,L,L,L,namd_ID0000002,3,55,0.78571,359.12,2.7,0.98575,4510.7,703.55,0.68095,5.4,0.0,1.0,6814659.0,233849.0,0.93446,8914.0,154.0,0.9547,32909246.0,62383.0,0.994,763436.0,269.0,0.9989,3032888.0,28.0,0.99948,482607224.0,65668.0,0.99959
L,L,L,L,namd_ID0000002,3,50,0.71429,356.42,3.73,0.97834,3807.15,702.35,0.57474,5.4,0.0,1.0,6580810.0,233838.0,0.90239,8760.0,151.0,0.9382,32846863.0,68255.0,0.99212,763167.0,288.0,0.99855,3032860.0,288.0,0.99947,482541556.0,65536.0,0.99946
L,L,L,L,namd_ID0000002,3,45,0.64286,352.69,5.56,0.9681,3104.8,700.43,0.46871,5.4,0.0,1.0,6346972.0,233853.0,0.87033,8609.0,154.0,0.92203,32778608.0,62370.0,0.99005,762879.0,269.0,0.99817,3032572.0,544.0,0.99937,482476020.0,65668.0,0.99932
L,L,L,L,namd_ID0000002,3,40,0.57143,347.13,9.49,0.95284,2404.37,696.68,0.36297,5.4,0.0,1.0,6113119.0,362973.0,0.83826,8455.0,928.0,0.90554,32716238.0,3637666.0,0.98817,762610.0,27380.0,0.99782,3032028.0,8888.0,0.99919,482410352.0,109076.0,0.99918
L,L,L,L,namd_ID0000002,3,35,0.5,337.64,22.91,0.92679,1707.69,762.36,0.2578,5.4,0.0,1.0,5750146.0,779052.0,0.78849,7527.0,3106.0,0.80615,29078572.0,6766221.0,0.8783,735230.0,48005.0,0.962,3023140.0,17780.0,0.99627,482301276.0,108940.0,0.99896
L,L,L,L,namd_ID0000002,3,30,0.42857,314.73,246.67,0.86391,945.33,764.74,0.14271,5.4,4.42,1.0,4971094.0,560063.0,0.68166,4421.0,3333.0,0.47349,22312351.0,13820615.0,0.67393,687225.0,113689.0,0.89919,3005360.0,2336264.0,0.99041,482192336.0,376106972.0,0.99873
L,L,L,L,namd_ID0000002,3,25,0.35714,68.06,68.04,0.18682,180.59,180.59,0.02726,0.98,0.98,0.18148,4411031.0,159759.0,0.60486,1088.0,817.0,0.11653,8491736.0,4293654.0,0.25649,573536.0,572828.0,0.75043,669096.0,666868.0,0.2205,106085364.0,106028860.0,0.21973
L,L,L,L,namd_ID0000002,3,15,0.21429,0.02,0.0,5.0e-05,0.0,0.0,0.0,0.0,0.0,0.0,4251272.0,0.0,0.58296,271.0,0.0,0.02902,4198082.0,241.0,0.1268,708.0,1.0,0.00093,2228.0,0.0,0.00073,56504.0,0.0,0.00012
L,L,L,L,namd_ID0000002,3,10,0.14286,0.02,0.0,5.0e-05,0.0,0.0,0.0,0.0,0.0,0.0,4251272.0,0.0,0.58296,271.0,0.0,0.02902,4197841.0,241.0,0.12679,707.0,1.0,0.00093,2228.0,0.0,0.00073,56504.0,0.0,0.00012
L,L,L,L,namd_ID0000002,3,5,0.07143,0.02,0.0,5.0e-05,0.0,0.0,0.0,0.0,0.0,0.0,4251272.0,0.0,0.58296,271.0,0.0,0.02902,4197600.0,241.0,0.12679,706.0,1.0,0.00092,2228.0,8.0,0.00073,56504.0,0.0,0.00012
L,L,L,L,namd_ID0000002,3,0,0.0,0.02,0.02,5.0e-05,0.0,0.0,0.0,0.0,0.0,0.0,4251272.0,4251272.0,0.58296,271.0,271.0,0.02902,4197359.0,4197359.0,0.12678,705.0,705.0,0.00092,2220.0,2220.0,0.00073,56504.0,56504.0,0.00012
L,L,L,L,namd_ID0000002,4,45,1.0,366.5,1.63,1.0,6610.56,719.37,1.0,1.96,0.0,1.0,7519378.0,234682.0,1.0,9372.0,162.0,1.0,32028665.0,68519.0,1.0,755339.0,294.0,1.0,3099372.0,52.0,1.0,492960768.0,65536.0,1.0
L,L,L,L,namd_ID0000002,4,40,0.88889,364.87,1.95,0.99555,5891.19,719.09,0.89118,1.96,0.0,1.0,7284696.0,233786.0,0.96879,9210.0,152.0,0.98271,31960146.0,68471.0,0.99786,755045.0,291.0,0.99961,3099320.0,528.0,0.99998,492895232.0,131468.0,0.99987
L,L,L,L,namd_ID0000002,4,35,0.77778,362.92,2.53,0.99023,5172.1,718.72,0.7824,1.96,0.0,1.0,7050910.0,233811.0,0.9377,9058.0,153.0,0.9665,31891675.0,62722.0,0.99572,754754.0,272.0,0.99923,3098792.0,504.0,0.99981,492763764.0,0.0,0.9996
L,L,L,L,namd_ID0000002,4,30,0.66667,360.39,3.34,0.98333,4453.38,717.68,0.67368,1.96,0.0,1.0,6817099.0,234831.0,0.9066,8905.0,163.0,0.95017,31828953.0,68651.0,0.99376,754482.0,294.0,0.99887,3098288.0,8.0,0.99965,492763764.0,0.0,0.9996
L,L,L,L,namd_ID0000002,4,25,0.55556,357.05,4.58,0.97422,3735.7,716.58,0.56511,1.96,0.0,1.0,6582268.0,231647.0,0.87537,8742.0,133.0,0.93278,31760302.0,57154.0,0.99162,754188.0,251.0,0.99848,3098280.0,792.0,0.99965,492763764.0,0.0,0.9996
L,L,L,L,namd_ID0000002,4,20,0.44444,352.47,6.96,0.96172,3019.12,713.98,0.45671,1.96,0.0,1.0,6350621.0,237387.0,0.84457,8609.0,242.0,0.91859,31703148.0,1912835.0,0.98984,753937.0,15434.0,0.99814,3097488.0,4240.0,0.99939,492763764.0,12548.0,0.9996
L,L,L,L,namd_ID0000002,4,15,0.33333,345.51,11.63,0.94273,2305.14,709.47,0.34871,1.96,0.0,1.0,6113234.0,237729.0,0.813,8367.0,274.0,0.89277,29790313.0,2780517.0,0.93011,738503.0,22580.0,0.97771,3093248.0,6952.0,0.99802,492751216.0,71948.0,0.99957
L,L,L,L,namd_ID0000002,4,10,0.22222,333.88,23.3,0.911,1595.67,701.5,0.24138,1.96,0.0,1.0,5875505.0,654546.0,0.78138,8093.0,2272.0,0.86353,27009796.0,1128572.0,0.8433,715923.0,3390.0,0.94782,3086296.0,6188.0,0.99578,492679268.0,272.0,0.99943
L,L,L,L,namd_ID0000002,4,5,0.11111,310.58,109.44,0.84742,894.17,687.29,0.13526,1.96,0.15,1.0,5220959.0,756428.0,0.69433,5821.0,4173.0,0.62111,25881224.0,9298964.0,0.80806,712533.0,70717.0,0.94333,3080108.0,611104.0,0.99378,492678996.0,95850876.0,0.99943
L,L,L,L,namd_ID0000002,4,0,0.0,201.14,201.14,0.54881,206.88,206.88,0.0313,1.81,1.81,0.92347,4464531.0,4464531.0,0.59374,1648.0,1648.0,0.17584,16582260.0,16582260.0,0.51773,641816.0,641816.0,0.84971,2469004.0,2469004.0,0.79661,396828120.0,396828120.0,0.80499
L,L,L,L,namd_ID0000002,5,71,1.0,426.59,1.43,1.0,7683.76,719.57,1.0,85.99,0.0,1.0,7576535.0,235221.0,1.0,10817.0,200.0,1.0,55245513.0,1280609.0,1.0,946647.0,10334.0,1.0,3114204.0,788.0,1.0,493014732.0,65672.0,1.0
L,L,L,L,namd_ID0000002,5,66,0.92958,425.16,2.32,0.99665,6964.19,718.77,0.90635,85.99,0.0,1.0,7341314.0,14899.0,0.96895,10617.0,285.0,0.98151,53964904.0,3916052.0,0.97682,936313.0,31966.0,0.98908,3113416.0,1720.0,0.99975,492949060.0,0.0,0.99987
L,L,L,L,namd_ID0000002,5,61,0.85915,422.84,2.17,0.99121,6245.42,719.14,0.81281,85.99,0.0,1.0,7326415.0,239329.0,0.96699,10332.0,329.0,0.95516,50048852.0,3815196.0,0.90594,904347.0,31111.0,0.95532,3111696.0,2136.0,0.99919,492949060.0,65668.0,0.99987
L,L,L,L,namd_ID0000002,5,56,0.78873,420.67,2.5,0.98612,5526.28,718.55,0.71922,85.99,0.0,1.0,7087086.0,235623.0,0.9354,10003.0,210.0,0.92475,46233656.0,1539278.0,0.83688,873236.0,12415.0,0.92245,3109560.0,1144.0,0.99851,492883392.0,396.0,0.99973
L,L,L,L,namd_ID0000002,5,51,0.71831,418.17,3.17,0.98026,4807.73,718.12,0.6257,85.99,0.0,1.0,6851463.0,237993.0,0.9043,9793.0,283.0,0.90533,44694378.0,2802299.0,0.80901,860821.0,22856.0,0.90934,3108416.0,2460.0,0.99814,492882996.0,6936.0,0.99973
L,L,L,L,namd_ID0000002,5,46,0.64789,415.0,4.64,0.97283,4089.61,716.45,0.53224,85.99,0.0,1.0,6613470.0,242688.0,0.87289,9510.0,426.0,0.87917,41892079.0,4735545.0,0.75829,837965.0,38693.0,0.88519,3105956.0,3268.0,0.99735,492876060.0,65668.0,0.99972
L,L,L,L,namd_ID0000002,5,41,0.57746,410.36,6.23,0.96195,3373.16,714.86,0.439,85.99,0.0,1.0,6370782.0,240490.0,0.84086,9084.0,361.0,0.83979,37156534.0,4121386.0,0.67257,799272.0,33677.0,0.84432,3102688.0,3876.0,0.9963,492810392.0,6544.0,0.99959
L,L,L,L,namd_ID0000002,5,36,0.50704,404.13,9.34,0.94735,2658.3,711.62,0.34596,85.99,0.0,1.0,6130292.0,240067.0,0.80912,8723.0,344.0,0.80642,33035148.0,3873458.0,0.59797,765595.0,31617.0,0.80874,3098812.0,2712.0,0.99506,492803848.0,143756.0,0.99957
L,L,L,L,namd_ID0000002,5,31,0.43662,394.79,30.59,0.92546,1946.68,1047.37,0.25335,85.99,0.0,1.0,5890225.0,819829.0,0.77743,8379.0,3307.0,0.77461,29161690.0,5476340.0,0.52786,733978.0,40371.0,0.77534,3096100.0,27376.0,0.99419,492660092.0,163536.0,0.99928
L,L,L,L,namd_ID0000002,5,26,0.3662,364.2,333.53,0.85375,899.31,840.36,0.11704,85.99,76.46,1.0,5070396.0,791965.0,0.66922,5072.0,4607.0,0.46889,23685350.0,17838526.0,0.42873,693607.0,679515.0,0.7327,3068724.0,2789240.0,0.9854,492496556.0,437911564.0,0.99895
L,L,L,L,namd_ID0000002,5,19,0.26761,30.67,3.88,0.0719,58.95,29.54,0.00767,9.53,0.0,0.11083,4278431.0,26542.0,0.56469,465.0,189.0,0.04299,5846824.0,1593538.0,0.10583,14092.0,12517.0,0.01489,279484.0,106324.0,0.08974,54584992.0,0.0,0.11072
L,L,L,L,namd_ID0000002,5,14,0.19718,26.79,26.79,0.0628,29.41,29.39,0.00383,9.53,9.53,0.11083,4251889.0,633.0,0.56119,276.0,4.0,0.02552,4253286.0,55701.0,0.07699,1575.0,873.0,0.00166,173160.0,170908.0,0.0556,54584992.0,54463040.0,0.11072
L,L,L,L,namd_ID0000002,5,5,0.07042,0.0,0.0,0.0,0.02,0.0,0.0,0.0,0.0,0.0,4251256.0,0.0,0.56111,272.0,0.0,0.02515,4197585.0,234.0,0.07598,702.0,1.0,0.00074,2252.0,12.0,0.00072,121952.0,0.0,0.00025
L,L,L,L,namd_ID0000002,5,0,0.0,0.0,0.0,0.0,0.02,0.02,0.0,0.0,0.0,0.0,4251256.0,4251256.0,0.56111,272.0,272.0,0.02515,4197351.0,4197351.0,0.07598,701.0,701.0,0.00074,2240.0,2240.0,0.00072,121952.0,121952.0,0.00025
