atoms,cores,timesteps,outfreq,task,run,time,normalized_time,cumulative_stime,stime,normalized_stime,cumulative_utime,utime,normalized_utime,cumulative_iowait,iowait,normalized_iowait,cumulative_write_bytes,write_bytes,normalized_write_bytes,cumulative_syscw,syscw,normalized_syscw,cumulative_read_bytes,read_bytes,normalized_read_bytes,cumulative_syscr,syscr,normalized_syscr,cumulative_vmRSS,vmRSS,normalized_vmRSS,cumulative_vmSize,vmSize,normalized_vmSize
L,H,H,H,sassena_ID0000006,1,65,1.0,390.56,2.46,1.0,8194.52,714.19,1.0,5.53,0.0,1.0,268506.0,312.0,1.0,2796.0,27.0,1.0,260517853.0,210307.0,1.0,282860.0,1620.0,1.0,3636864.0,2320.0,1.0,510723980.0,0.0,1.0
L,H,H,H,sassena_ID0000006,1,60,0.92308,388.1,2.25,0.9937,7480.33,717.75,0.91285,5.53,0.0,1.0,268194.0,1100.0,0.99884,2769.0,139.0,0.99034,260307546.0,136113.0,0.99919,281240.0,1103.0,0.99427,3634544.0,2800.0,0.99936,510723980.0,188.0,1.0
L,H,H,H,sassena_ID0000006,1,55,0.84615,385.85,2.36,0.98794,6762.58,718.94,0.82526,5.53,0.0,1.0,267094.0,948.0,0.99474,2630.0,114.0,0.94063,260171433.0,212895.0,0.99867,280137.0,1701.0,0.99037,3631744.0,3380.0,0.99859,510723792.0,188.0,1.0
L,H,H,H,sassena_ID0000006,1,50,0.76923,383.49,2.8,0.9819,6043.64,718.45,0.73752,5.53,0.0,1.0,266146.0,1280.0,0.99121,2516.0,165.0,0.89986,259958538.0,136161.0,0.99785,278436.0,1110.0,0.98436,3628364.0,1672.0,0.99766,510723604.0,0.0,1.0
L,H,H,H,sassena_ID0000006,1,45,0.69231,380.69,3.24,0.97473,5325.19,718.26,0.64985,5.53,0.0,1.0,264866.0,1525.0,0.98644,2351.0,166.0,0.84084,259822377.0,291715.0,0.99733,277326.0,2430.0,0.98044,3626692.0,1892.0,0.9972,510723604.0,188.0,1.0
L,H,H,H,sassena_ID0000006,1,40,0.61538,377.45,4.0,0.96643,4606.93,717.27,0.5622,5.53,0.0,1.0,263341.0,856.0,0.98076,2185.0,108.0,0.78147,259530662.0,135757.0,0.99621,274896.0,1049.0,0.97184,3624800.0,2836.0,0.99668,510723416.0,0.0,1.0
L,H,H,H,sassena_ID0000006,1,35,0.53846,373.45,5.18,0.95619,3889.66,716.23,0.47467,5.53,0.0,1.0,262485.0,1720.0,0.97758,2077.0,185.0,0.74285,259394905.0,446241.0,0.99569,273847.0,3750.0,0.96814,3621964.0,1464.0,0.9959,510723416.0,12472.0,1.0
L,H,H,H,sassena_ID0000006,1,30,0.46154,368.27,6.92,0.94293,3173.43,714.24,0.38726,5.53,0.0,1.0,260765.0,1530.0,0.97117,1892.0,155.0,0.67668,258948664.0,292801.0,0.99398,270097.0,2440.0,0.95488,3620500.0,3652.0,0.9955,510710944.0,6144.0,0.99997
L,H,H,H,sassena_ID0000006,1,25,0.38462,361.35,10.75,0.92521,2459.19,710.42,0.3001,5.53,0.0,1.0,259235.0,1374.0,0.96547,1737.0,122.0,0.62124,258655863.0,292089.0,0.99285,267657.0,2381.0,0.94625,3616848.0,3704.0,0.9945,510704800.0,156.0,0.99996
L,H,H,H,sassena_ID0000006,1,20,0.30769,350.6,19.32,0.89769,1748.77,701.95,0.21341,5.53,0.0,1.0,257861.0,2922.0,0.96035,1615.0,210.0,0.57761,258363774.0,915037.0,0.99173,265276.0,7871.0,0.93783,3613144.0,1760.0,0.99348,510704644.0,36864.0,0.99996
L,H,H,H,sassena_ID0000006,1,15,0.23077,331.28,71.93,0.84822,1046.82,715.77,0.12775,5.53,2.25,1.0,254939.0,50336.0,0.94947,1405.0,1279.0,0.5025,257448737.0,256802317.0,0.98822,257405.0,249529.0,0.91001,3611384.0,1178464.0,0.99299,510667780.0,17614820.0,0.99989
L,H,H,H,sassena_ID0000006,1,9,0.13846,259.35,259.34,0.66405,331.05,331.05,0.0404,3.28,3.28,0.59313,204603.0,67972.0,0.76201,126.0,113.0,0.04506,646420.0,556008.0,0.00248,7876.0,7678.0,0.02784,2432920.0,2430680.0,0.66896,493052960.0,492930876.0,0.9654
L,H,H,H,sassena_ID0000006,1,0,0.0,0.01,0.01,3.0e-05,0.0,0.0,0.0,0.0,0.0,0.0,136631.0,136631.0,0.50886,13.0,13.0,0.00465,90412.0,90412.0,0.00035,198.0,198.0,0.0007,2240.0,2240.0,0.00062,122084.0,122084.0,0.00024
L,H,H,H,sassena_ID0000006,2,70,1.0,394.55,1.64,1.0,8881.71,719.82,1.0,15.96,0.0,1.0,270113.0,1164.0,1.0,2904.0,152.0,1.0,261501127.0,136232.0,1.0,291106.0,1110.0,1.0,3642160.0,3292.0,1.0,510700828.0,188.0,1.0
L,H,H,H,sassena_ID0000006,2,65,0.92857,392.91,2.0,0.99584,8161.89,720.08,0.91895,15.96,0.0,1.0,268949.0,1080.0,0.99569,2752.0,115.0,0.94766,261364895.0,290918.0,0.99948,289996.0,2365.0,0.99619,3638868.0,5060.0,0.9991,510700640.0,0.0,1.0
L,H,H,H,sassena_ID0000006,2,60,0.85714,390.91,2.11,0.99077,7441.81,719.03,0.83788,15.96,0.0,1.0,267869.0,948.0,0.99169,2637.0,114.0,0.90806,261073977.0,136216.0,0.99837,287631.0,1108.0,0.98806,3633808.0,1676.0,0.99771,510700640.0,188.0,1.0
L,H,H,H,sassena_ID0000006,2,55,0.78571,388.8,2.48,0.98543,6722.78,718.57,0.75692,15.96,0.0,1.0,266921.0,1168.0,0.98818,2523.0,149.0,0.8688,260937761.0,135820.0,0.99785,286523.0,1048.0,0.98426,3632132.0,3052.0,0.99725,510700452.0,252.0,1.0
L,H,H,H,sassena_ID0000006,2,50,0.71429,386.32,2.71,0.97914,6004.21,718.63,0.67602,15.96,0.0,1.0,265753.0,1550.0,0.98386,2374.0,156.0,0.81749,260801941.0,369308.0,0.99733,285475.0,3090.0,0.98066,3629080.0,3008.0,0.99641,510700200.0,1012.0,1.0
L,H,H,H,sassena_ID0000006,2,45,0.64286,383.61,3.57,0.97227,5285.58,717.78,0.59511,15.96,0.0,1.0,264203.0,969.0,0.97812,2218.0,116.0,0.76377,260432633.0,135836.0,0.99591,282385.0,1051.0,0.97004,3626072.0,1996.0,0.99558,510699188.0,0.0,1.0
L,H,H,H,sassena_ID0000006,2,40,0.57143,380.04,4.44,0.96322,4567.8,710.63,0.51429,15.96,0.0,1.0,263234.0,684.0,0.97453,2102.0,87.0,0.72383,260296797.0,135764.0,0.99539,281334.0,1040.0,0.96643,3624076.0,836.0,0.99503,510699188.0,188.0,1.0
L,H,H,H,sassena_ID0000006,2,35,0.5,375.6,5.37,0.95197,3857.17,715.87,0.43428,15.96,0.0,1.0,262550.0,1496.0,0.972,2015.0,178.0,0.69387,260161033.0,214106.0,0.99488,280294.0,1774.0,0.96286,3623240.0,952.0,0.99481,510699000.0,0.0,1.0
L,H,H,H,sassena_ID0000006,2,30,0.42857,370.23,7.18,0.93836,3141.3,713.9,0.35368,15.96,0.0,1.0,261054.0,1317.0,0.96646,1837.0,122.0,0.63258,259946927.0,291834.0,0.99406,278520.0,2435.0,0.95676,3622288.0,3340.0,0.99454,510699000.0,188.0,1.0
L,H,H,H,sassena_ID0000006,2,25,0.35714,363.05,11.31,0.92016,2427.4,709.74,0.2733,15.96,0.0,1.0,259737.0,1846.0,0.96159,1715.0,165.0,0.59056,259655093.0,524222.0,0.99294,276085.0,4360.0,0.9484,3618948.0,4140.0,0.99363,510698812.0,0.0,1.0
L,H,H,H,sassena_ID0000006,2,20,0.28571,351.74,20.47,0.8915,1717.66,700.77,0.19339,15.96,0.0,1.0,257891.0,3345.0,0.95475,1550.0,226.0,0.53375,259130871.0,1302015.0,0.99094,271725.0,11159.0,0.93342,3614808.0,2832.0,0.99249,510698812.0,12476.0,1.0
L,H,H,H,sassena_ID0000006,2,15,0.21429,331.27,83.78,0.83961,1016.89,731.23,0.11449,15.96,2.87,1.0,254546.0,43209.0,0.94237,1324.0,1135.0,0.45592,257828856.0,245891783.0,0.98596,260566.0,239221.0,0.89509,3611976.0,1113740.0,0.99171,510686336.0,27402504.0,0.99997
L,H,H,H,sassena_ID0000006,2,10,0.14286,247.49,247.48,0.62727,285.66,285.65,0.03216,13.09,13.09,0.82018,211337.0,74696.0,0.7824,189.0,176.0,0.06508,11937073.0,11846653.0,0.04565,21345.0,21147.0,0.07332,2498236.0,2495956.0,0.68592,483283832.0,483161876.0,0.94631
L,H,H,H,sassena_ID0000006,2,0,0.0,0.01,0.01,3.0e-05,0.01,0.01,0.0,0.0,0.0,0.0,136641.0,136641.0,0.50587,13.0,13.0,0.00448,90420.0,90420.0,0.00035,198.0,198.0,0.00068,2280.0,2280.0,0.00063,121956.0,121956.0,0.00024
L,H,H,H,sassena_ID0000006,3,61,1.0,368.58,1.74,1.0,8699.84,719.34,1.0,67.48,0.0,1.0,279538.0,856.0,1.0,3140.0,108.0,1.0,271472664.0,135949.0,1.0,376115.0,1045.0,1.0,3642260.0,3340.0,1.0,510623084.0,6936.0,1.0
L,H,H,H,sassena_ID0000006,3,56,0.91803,366.84,1.74,0.99528,7980.5,719.62,0.91732,67.48,0.0,1.0,278682.0,1140.0,0.99694,3032.0,145.0,0.96561,271336715.0,135957.0,0.9995,375070.0,1046.0,0.99722,3638920.0,4852.0,0.99908,510616148.0,188.0,0.99999
L,H,H,H,sassena_ID0000006,3,51,0.83607,365.1,2.13,0.99056,7260.88,719.41,0.8346,67.48,0.0,1.0,277542.0,1200.0,0.99286,2887.0,150.0,0.91943,271200758.0,214243.0,0.999,374024.0,1772.0,0.99444,3634068.0,1508.0,0.99775,510615960.0,0.0,0.99999
L,H,H,H,sassena_ID0000006,3,46,0.7541,362.97,2.66,0.98478,6541.47,714.11,0.75191,67.48,0.0,1.0,276342.0,532.0,0.98857,2737.0,62.0,0.87166,270986515.0,135949.0,0.99821,372252.0,1045.0,0.98973,3632560.0,2000.0,0.99734,510615960.0,188.0,0.99999
L,H,H,H,sassena_ID0000006,3,41,0.67213,360.31,3.46,0.97756,5827.36,714.54,0.66982,67.48,0.0,1.0,275810.0,520.0,0.98666,2675.0,67.0,0.85191,270850566.0,135949.0,0.99771,371207.0,1045.0,0.98695,3630560.0,592.0,0.99679,510615772.0,0.0,0.99999
L,H,H,H,sassena_ID0000006,3,36,0.59016,356.85,3.7,0.96818,5112.82,711.54,0.58769,67.48,0.0,1.0,275290.0,883.0,0.9848,2608.0,92.0,0.83057,270714617.0,136491.0,0.99721,370162.0,1048.0,0.98417,3629968.0,696.0,0.99663,510615772.0,0.0,0.99999
L,H,H,H,sassena_ID0000006,3,31,0.5082,353.15,4.14,0.95814,4401.28,712.99,0.5059,67.48,0.0,1.0,274407.0,768.0,0.98164,2516.0,88.0,0.80127,270578126.0,213119.0,0.9967,369114.0,1701.0,0.98139,3629272.0,144.0,0.99643,510615772.0,0.0,0.99999
L,H,H,H,sassena_ID0000006,3,26,0.42623,349.01,5.05,0.9469,3688.29,715.94,0.42395,67.48,0.0,1.0,273639.0,1192.0,0.9789,2428.0,156.0,0.77325,270365007.0,136125.0,0.99592,367413.0,1067.0,0.97686,3629128.0,1404.0,0.99639,510615772.0,188.0,0.99999
L,H,H,H,sassena_ID0000006,3,21,0.34426,343.96,9.21,0.9332,2972.35,842.27,0.34166,67.48,0.0,1.0,272447.0,3541.0,0.97463,2272.0,237.0,0.72357,270228882.0,1845731.0,0.99542,366346.0,15688.0,0.97403,3627724.0,5140.0,0.99601,510615584.0,0.0,0.99999
L,H,H,H,sassena_ID0000006,3,16,0.2623,334.75,25.14,0.90822,2130.08,1182.92,0.24484,67.48,0.0,1.0,268906.0,3841.0,0.96197,2035.0,272.0,0.64809,268383151.0,1570251.0,0.98862,350658.0,13390.0,0.93232,3622584.0,6292.0,0.9946,510615584.0,320.0,0.99999
L,H,H,H,sassena_ID0000006,3,9,0.14754,309.61,0.0,0.84001,947.16,0.0,0.10887,67.48,0.0,1.0,265065.0,0.0,0.94823,1763.0,0.0,0.56146,266812900.0,0.0,0.98284,337268.0,0.0,0.89672,3616292.0,0.0,0.99287,510615264.0,0.0,0.99998
L,H,H,H,sassena_ID0000006,3,5,0.08197,309.61,76.2,0.84001,947.16,726.52,0.10887,67.48,3.84,1.0,265065.0,28841.0,0.94823,1763.0,806.0,0.56146,266812900.0,23208384.0,0.98284,337268.0,90850.0,0.89672,3616292.0,224340.0,0.99287,510615264.0,29527584.0,0.99998
L,H,H,H,sassena_ID0000006,3,0,0.0,233.41,233.41,0.63327,220.64,220.64,0.02536,63.64,63.64,0.94309,236224.0,236224.0,0.84505,957.0,957.0,0.30478,243604516.0,243604516.0,0.89734,246418.0,246418.0,0.65517,3391952.0,3391952.0,0.93128,481087680.0,481087680.0,0.94216
L,H,H,H,sassena_ID0000006,4,63,1.0,379.1,2.03,1.0,8111.47,719.19,1.0,79.5,0.0,1.0,277524.0,1232.0,1.0,3220.0,151.0,1.0,268791259.0,136176.0,1.0,353478.0,1108.0,1.0,3647192.0,3772.0,1.0,510682648.0,0.0,1.0
L,H,H,H,sassena_ID0000006,4,58,0.92063,377.07,2.08,0.99465,7392.28,719.03,0.91134,79.5,0.0,1.0,276292.0,852.0,0.99556,3069.0,111.0,0.95311,268655083.0,135764.0,0.99949,352370.0,1046.0,0.99687,3643420.0,3172.0,0.99897,510682648.0,188.0,1.0
L,H,H,H,sassena_ID0000006,4,53,0.84127,374.99,2.29,0.98916,6673.25,718.92,0.82269,79.5,0.0,1.0,275440.0,1128.0,0.99249,2958.0,129.0,0.91863,268519319.0,214046.0,0.99899,351324.0,1772.0,0.99391,3640248.0,3460.0,0.9981,510682460.0,0.0,1.0
L,H,H,H,sassena_ID0000006,4,48,0.7619,372.7,2.65,0.98312,5954.33,718.54,0.73406,79.5,0.0,1.0,274312.0,1180.0,0.98843,2829.0,140.0,0.87857,268305273.0,135756.0,0.99819,349552.0,1045.0,0.98889,3636788.0,3292.0,0.99715,510682460.0,188.0,1.0
L,H,H,H,sassena_ID0000006,4,43,0.68254,370.05,3.22,0.97613,5235.79,718.35,0.64548,79.5,0.0,1.0,273132.0,1108.0,0.98417,2689.0,144.0,0.83509,268169517.0,136176.0,0.99769,348507.0,1108.0,0.98594,3633496.0,2160.0,0.99624,510682272.0,188.0,1.0
L,H,H,H,sassena_ID0000006,4,38,0.60317,366.83,3.88,0.96763,4517.44,717.23,0.55692,79.5,0.0,1.0,272024.0,1371.0,0.98018,2545.0,158.0,0.79037,268033341.0,136710.0,0.99718,347399.0,1110.0,0.9828,3631336.0,2048.0,0.99565,510682084.0,0.0,1.0
L,H,H,H,sassena_ID0000006,4,33,0.52381,362.95,5.03,0.9574,3800.21,716.03,0.4685,79.5,0.0,1.0,270653.0,1024.0,0.97524,2387.0,132.0,0.7413,267896631.0,135764.0,0.99667,346289.0,1046.0,0.97966,3629288.0,1988.0,0.99509,510682084.0,184.0,1.0
L,H,H,H,sassena_ID0000006,4,28,0.44444,357.92,7.0,0.94413,3084.18,714.24,0.38022,79.5,0.0,1.0,269629.0,1344.0,0.97155,2255.0,167.0,0.70031,267760867.0,214058.0,0.99617,345243.0,1773.0,0.9767,3627300.0,2528.0,0.99455,510681900.0,0.0,1.0
L,H,H,H,sassena_ID0000006,4,23,0.36508,350.92,10.8,0.92567,2369.94,710.3,0.29217,79.5,0.0,1.0,268285.0,1534.0,0.96671,2088.0,144.0,0.64845,267546809.0,214602.0,0.99537,343470.0,1772.0,0.97169,3624772.0,3500.0,0.99385,510681900.0,192.0,1.0
L,H,H,H,sassena_ID0000006,4,18,0.28571,340.12,20.22,0.89718,1659.64,701.17,0.2046,79.5,0.0,1.0,266751.0,1450.0,0.96118,1944.0,140.0,0.60373,267332207.0,293084.0,0.99457,341698.0,2482.0,0.96667,3621272.0,2740.0,0.99289,510681708.0,0.0,1.0
L,H,H,H,sassena_ID0000006,4,13,0.20635,319.9,68.9,0.84384,958.47,737.66,0.11816,79.5,0.0,1.0,265301.0,18798.0,0.95596,1804.0,756.0,0.56025,267039123.0,9339234.0,0.99348,339216.0,79604.0,0.95965,3618532.0,26412.0,0.99214,510681708.0,1224364.0,1.0
L,H,H,H,sassena_ID0000006,4,8,0.12698,251.0,250.99,0.66209,220.81,220.8,0.02722,79.5,79.5,1.0,246503.0,109887.0,0.88822,1048.0,1035.0,0.32547,257699889.0,257609480.0,0.95874,259612.0,259415.0,0.73445,3592120.0,3589848.0,0.9849,509457344.0,509335388.0,0.9976
L,H,H,H,sassena_ID0000006,4,0,0.0,0.01,0.01,3.0e-05,0.01,0.01,0.0,0.0,0.0,0.0,136616.0,136616.0,0.49227,13.0,13.0,0.00404,90409.0,90409.0,0.00034,197.0,197.0,0.00056,2272.0,2272.0,0.00062,121956.0,121956.0,0.00024
