atoms,cores,timesteps,outfreq,task,run,time,normalized_time,cumulative_stime,stime,normalized_stime,cumulative_utime,utime,normalized_utime,cumulative_iowait,iowait,normalized_iowait,cumulative_write_bytes,write_bytes,normalized_write_bytes,cumulative_syscw,syscw,normalized_syscw,cumulative_read_bytes,read_bytes,normalized_read_bytes,cumulative_syscr,syscr,normalized_syscr,cumulative_vmRSS,vmRSS,normalized_vmRSS,cumulative_vmSize,vmSize,normalized_vmSize
M,H,L,L,namd_ID0000002,1,40,1.0,734.69,7.34,1.0,9374.42,1435.59,1.0,3.42,0.0,1.0,7841599.0,466411.0,1.0,28706.0,307.0,1.0,131922170.0,3002319.0,1.0,1951873.0,24495.0,1.0,6557496.0,1104.0,1.0,999215268.0,150172.0,1.0
M,H,L,L,namd_ID0000002,1,35,0.875,727.35,9.35,0.99001,7938.83,1432.82,0.84686,3.42,0.0,1.0,7375188.0,466443.0,0.94052,28399.0,347.0,0.98931,128919851.0,3403384.0,0.97724,1927378.0,27834.0,0.98745,6556392.0,2064.0,0.99983,999065096.0,266908.0,0.99985
M,H,L,L,namd_ID0000002,1,30,0.75,718.0,13.05,0.97728,6506.01,1444.87,0.69402,3.42,0.0,1.0,6908745.0,16775.0,0.88104,28052.0,405.0,0.97722,125516467.0,4695506.0,0.95144,1899544.0,38631.0,0.97319,6554328.0,4604.0,0.99952,998798188.0,172708.0,0.99958
M,H,L,L,namd_ID0000002,1,25,0.625,704.95,19.74,0.95952,5061.14,1423.66,0.53989,3.42,0.0,1.0,6891970.0,878625.0,0.8789,27647.0,3815.0,0.96311,120820961.0,13109286.0,0.91585,1860913.0,104105.0,0.9534,6549724.0,19284.0,0.99881,998625480.0,3616012.0,0.99941
M,H,L,L,namd_ID0000002,1,19,0.475,685.21,35.27,0.93265,3637.48,1406.12,0.38802,3.42,0.0,1.0,6013345.0,581604.0,0.76685,23832.0,4879.0,0.83021,107711675.0,15075982.0,0.81648,1756808.0,119497.0,0.90006,6530440.0,18936.0,0.99587,995009468.0,3119944.0,0.99579
M,H,L,L,namd_ID0000002,1,14,0.35,649.94,129.07,0.88465,2231.36,1664.04,0.23803,3.42,0.0,1.0,5431741.0,689127.0,0.69268,18953.0,11922.0,0.66025,92635693.0,47388652.0,0.7022,1637311.0,386053.0,0.83884,6511504.0,186268.0,0.99299,991889524.0,6563056.0,0.99267
M,H,L,L,namd_ID0000002,1,9,0.225,520.87,520.85,0.70897,567.32,567.31,0.06052,3.42,3.42,1.0,4742614.0,491029.0,0.6048,7031.0,6760.0,0.24493,45247041.0,41049458.0,0.34298,1251258.0,1250554.0,0.64106,6325236.0,6323032.0,0.96458,985326468.0,985204424.0,0.9861
M,H,L,L,namd_ID0000002,1,0,0.0,0.02,0.02,3.0e-05,0.01,0.01,0.0,0.0,0.0,0.0,4251585.0,4251585.0,0.54218,271.0,271.0,0.00944,4197583.0,4197583.0,0.03182,704.0,704.0,0.00036,2204.0,2204.0,0.00034,122044.0,122044.0,0.00012
M,H,L,L,namd_ID0000002,2,43,1.0,743.76,6.02,1.0,10813.29,1449.6,1.0,8.47,0.0,1.0,7846440.0,464286.0,1.0,28976.0,280.0,1.0,137224149.0,3210730.0,1.0,1995483.0,26262.0,1.0,6566892.0,908.0,1.0,999896044.0,133524.0,1.0
M,H,L,L,namd_ID0000002,2,38,0.88372,737.74,7.12,0.99191,9363.69,1435.47,0.86594,8.47,0.0,1.0,7382154.0,12390.0,0.94083,28696.0,268.0,0.99034,134013419.0,3256199.0,0.9766,1969221.0,26660.0,0.98684,6565984.0,2284.0,0.99986,999762520.0,68120.0,0.99987
M,H,L,L,namd_ID0000002,2,33,0.76744,730.62,9.41,0.98233,7928.22,1432.83,0.73319,8.47,0.0,1.0,7369764.0,466808.0,0.93925,28428.0,359.0,0.98109,130757220.0,3311648.0,0.95287,1942561.0,27129.0,0.97348,6563700.0,2664.0,0.99951,999694400.0,412320.0,0.9998
M,H,L,L,namd_ID0000002,2,28,0.65116,721.21,12.86,0.96968,6495.39,1429.61,0.60069,8.47,0.0,1.0,6902956.0,23910.0,0.87976,28069.0,628.0,0.9687,127445572.0,5641630.0,0.92874,1915432.0,46498.0,0.95988,6561036.0,7580.0,0.99911,999282080.0,1303476.0,0.99939
M,H,L,L,namd_ID0000002,2,23,0.53488,708.35,19.98,0.95239,5065.78,1428.61,0.46848,8.47,0.0,1.0,6879046.0,861966.0,0.87671,27441.0,3621.0,0.94703,121803942.0,12117521.0,0.88763,1868934.0,96648.0,0.93658,6553456.0,19308.0,0.99795,997978604.0,4157524.0,0.99808
M,H,L,L,namd_ID0000002,2,18,0.4186,688.37,35.03,0.92553,3637.17,1406.85,0.33636,8.47,0.0,1.0,6017080.0,562320.0,0.76685,23820.0,4936.0,0.82206,109686421.0,16068557.0,0.79932,1772286.0,127949.0,0.88815,6534148.0,26148.0,0.99501,993821080.0,2749352.0,0.99392
M,H,L,L,namd_ID0000002,2,13,0.30233,653.34,114.15,0.87843,2230.32,1554.73,0.20626,8.47,0.0,1.0,5454760.0,671624.0,0.69519,18884.0,10784.0,0.65171,93617864.0,41299337.0,0.68223,1644337.0,335286.0,0.82403,6508000.0,167328.0,0.99103,991071728.0,4942112.0,0.99117
M,H,L,L,namd_ID0000002,2,8,0.18605,539.19,539.18,0.72495,675.59,675.58,0.06248,8.47,8.47,1.0,4783136.0,531276.0,0.60959,8100.0,7828.0,0.27954,52318527.0,48120631.0,0.38126,1309051.0,1308344.0,0.65601,6340672.0,6338424.0,0.96555,986129616.0,986007664.0,0.98623
M,H,L,L,namd_ID0000002,2,0,0.0,0.01,0.01,1.0e-05,0.01,0.01,0.0,0.0,0.0,0.0,4251860.0,4251860.0,0.54188,272.0,272.0,0.00939,4197896.0,4197896.0,0.03059,707.0,707.0,0.00035,2248.0,2248.0,0.00034,121952.0,121952.0,0.00012
M,H,L,L,namd_ID0000002,3,39,1.0,738.15,7.12,1.0,9349.66,1435.71,1.0,1.5,0.0,1.0,7854636.0,464444.0,1.0,29369.0,313.0,1.0,136795219.0,3213507.0,1.0,1992513.0,26358.0,1.0,6567132.0,1540.0,1.0,1001453100.0,223764.0,1.0
M,H,L,L,namd_ID0000002,3,34,0.87179,731.03,8.85,0.99035,7913.95,1433.67,0.84644,1.5,0.0,1.0,7390192.0,468364.0,0.94087,29056.0,407.0,0.98934,133581712.0,4465994.0,0.97651,1966155.0,36723.0,0.98677,6565592.0,4584.0,0.99977,1001229336.0,492064.0,0.99978
M,H,L,L,namd_ID0000002,3,29,0.74359,722.18,12.82,0.97836,6480.28,1431.69,0.6931,1.5,0.0,1.0,6921828.0,28202.0,0.88124,28649.0,728.0,0.97548,129115718.0,6172621.0,0.94386,1929432.0,50863.0,0.96834,6561008.0,8280.0,0.99907,1000737272.0,1850688.0,0.99929
M,H,L,L,namd_ID0000002,3,24,0.61538,709.36,19.41,0.961,5048.59,1426.82,0.53998,1.5,0.0,1.0,6893626.0,992317.0,0.87765,27921.0,4805.0,0.9507,122943097.0,14089936.0,0.89874,1878569.0,111768.0,0.94281,6552728.0,18428.0,0.99781,998886584.0,4471068.0,0.99744
M,H,L,L,namd_ID0000002,3,19,0.48718,689.95,34.73,0.9347,3621.77,1406.96,0.38737,1.5,0.0,1.0,5901309.0,573224.0,0.75132,23116.0,5033.0,0.78709,108853161.0,17026135.0,0.79574,1766801.0,135837.0,0.88672,6534300.0,21248.0,0.995,994415516.0,3145872.0,0.99297
M,H,L,L,namd_ID0000002,3,14,0.35897,655.22,125.86,0.88765,2214.81,1650.86,0.23689,1.5,0.01,1.0,5328085.0,721274.0,0.67834,18083.0,15130.0,0.61572,91827026.0,58346917.0,0.67127,1630964.0,476241.0,0.81855,6513052.0,228884.0,0.99177,991269644.0,6068580.0,0.98983
M,H,L,L,namd_ID0000002,3,8,0.20513,529.36,529.34,0.71714,563.95,563.94,0.06032,1.49,1.49,0.99333,4606811.0,354940.0,0.58651,2953.0,2680.0,0.10055,33480109.0,29282219.0,0.24475,1154723.0,1154015.0,0.57953,6284168.0,6281964.0,0.95691,985201064.0,985144556.0,0.98377
M,H,L,L,namd_ID0000002,3,0,0.0,0.02,0.02,3.0e-05,0.01,0.01,0.0,0.0,0.0,0.0,4251871.0,4251871.0,0.54132,273.0,273.0,0.0093,4197890.0,4197890.0,0.03069,708.0,708.0,0.00036,2204.0,2204.0,0.00034,56508.0,56508.0,6.0e-05
M,H,L,L,namd_ID0000002,4,30,1.0,726.32,8.66,1.0,8738.88,1434.01,1.0,4.39,0.0,1.0,7854664.0,464337.0,1.0,29264.0,285.0,1.0,140329643.0,3007002.0,1.0,2022145.0,24619.0,1.0,6566776.0,1924.0,1.0,999830972.0,174620.0,1.0
M,H,L,L,namd_ID0000002,4,25,0.83333,717.66,11.38,0.98808,7304.87,1431.1,0.8359,4.39,0.0,1.0,7390327.0,470293.0,0.94088,28979.0,450.0,0.99026,137322641.0,3885132.0,0.97857,1997526.0,31915.0,0.98783,6564852.0,3036.0,0.99971,999656352.0,264460.0,0.99983
M,H,L,L,namd_ID0000002,4,20,0.66667,706.28,16.51,0.97241,5873.77,1425.89,0.67214,4.39,0.0,1.0,6920034.0,58761.0,0.88101,28529.0,1123.0,0.97488,133437509.0,7529138.0,0.95089,1965611.0,61704.0,0.97204,6561816.0,14064.0,0.99924,999391892.0,2383808.0,0.99956
M,H,L,L,namd_ID0000002,4,15,0.5,689.77,26.58,0.94968,4447.88,1415.39,0.50898,4.39,0.0,1.0,6861273.0,930932.0,0.87353,27406.0,4536.0,0.93651,125908371.0,15584492.0,0.89723,1903907.0,124038.0,0.94153,6547752.0,21804.0,0.9971,997008084.0,4000932.0,0.99718
M,H,L,L,namd_ID0000002,4,10,0.33333,663.19,57.23,0.91308,3032.49,1445.29,0.34701,4.39,0.0,1.0,5930341.0,594474.0,0.75501,22870.0,5518.0,0.78151,110323879.0,18732218.0,0.78618,1779869.0,149814.0,0.88019,6525948.0,29932.0,0.99378,993007152.0,3211200.0,0.99318
M,H,L,L,namd_ID0000002,4,5,0.16667,605.96,347.61,0.83429,1587.2,1320.33,0.18163,4.39,1.67,1.0,5335867.0,707619.0,0.67932,17352.0,13247.0,0.59295,91591661.0,64905622.0,0.65269,1630055.0,533146.0,0.8061,6496016.0,3165876.0,0.98922,989795952.0,469938416.0,0.98996
M,H,L,L,namd_ID0000002,4,0,0.0,258.35,258.35,0.3557,266.87,266.87,0.03054,2.72,2.72,0.61959,4628248.0,4628248.0,0.58924,4105.0,4105.0,0.14027,26686039.0,26686039.0,0.19017,1096909.0,1096909.0,0.54245,3330140.0,3330140.0,0.50712,519857536.0,519857536.0,0.51995
M,H,L,L,namd_ID0000002,5,35,1.0,742.61,12.08,1.0,10492.25,2622.64,1.0,6.57,0.0,1.0,7849505.0,206327.0,1.0,29199.0,605.0,1.0,133360975.0,5673553.0,1.0,1963555.0,46315.0,1.0,6555832.0,2740.0,1.0,997174284.0,74812.0,1.0
M,H,L,L,namd_ID0000002,5,30,0.85714,730.53,0.0,0.98373,7869.61,0.0,0.75004,6.57,0.0,1.0,7643178.0,271520.0,0.97371,28594.0,0.0,0.97928,127687422.0,0.0,0.95746,1917240.0,0.0,0.97641,6553092.0,0.0,0.99958,997099472.0,0.0,0.99992
M,H,L,L,namd_ID0000002,5,25,0.71429,730.53,9.49,0.98373,7869.61,1432.96,0.75004,6.57,0.0,1.0,7371658.0,467112.0,0.93912,28594.0,346.0,0.97928,127687422.0,2988931.0,0.95746,1917240.0,24368.0,0.97641,6553092.0,1556.0,0.99958,997099472.0,193192.0,0.99992
M,H,L,L,namd_ID0000002,5,20,0.57143,721.04,12.96,0.97095,6436.65,1429.55,0.61347,6.57,0.0,1.0,6904546.0,44965.0,0.87962,28248.0,623.0,0.96743,124698491.0,4773847.0,0.93504,1892872.0,38757.0,0.964,6551536.0,4816.0,0.99934,996906280.0,406172.0,0.99973
M,H,L,L,namd_ID0000002,5,15,0.42857,708.08,20.26,0.9535,5007.1,1421.77,0.47722,6.57,0.0,1.0,6859581.0,913600.0,0.87389,27625.0,3890.0,0.94609,119924644.0,12361939.0,0.89925,1854115.0,97488.0,0.94426,6546720.0,16048.0,0.99861,996500108.0,2362936.0,0.99932
M,H,L,L,namd_ID0000002,5,10,0.28571,687.82,36.16,0.92622,3585.33,1405.73,0.34171,6.57,0.0,1.0,5945981.0,565644.0,0.7575,23735.0,4804.0,0.81287,107562705.0,15215790.0,0.80655,1756627.0,120965.0,0.89462,6530672.0,21916.0,0.99616,994137172.0,2526408.0,0.99695
M,H,L,L,namd_ID0000002,5,5,0.14286,651.66,129.37,0.87753,2179.6,1624.64,0.20773,6.57,0.0,1.0,5380337.0,636622.0,0.68544,18931.0,11628.0,0.64834,92346915.0,46422843.0,0.69246,1635662.0,378696.0,0.83301,6508756.0,184812.0,0.99282,991610764.0,6433316.0,0.99442
M,H,L,L,namd_ID0000002,5,0,0.0,522.29,522.29,0.70332,554.96,554.96,0.05289,6.57,6.57,1.0,4743715.0,4743715.0,0.60433,7303.0,7303.0,0.25011,45924072.0,45924072.0,0.34436,1256966.0,1256966.0,0.64015,6323944.0,6323944.0,0.96463,985177448.0,985177448.0,0.98797
