atoms,cores,timesteps,outfreq,task,run,time,normalized_time,cumulative_stime,stime,normalized_stime,cumulative_utime,utime,normalized_utime,cumulative_iowait,iowait,normalized_iowait,cumulative_write_bytes,write_bytes,normalized_write_bytes,cumulative_syscw,syscw,normalized_syscw,cumulative_read_bytes,read_bytes,normalized_read_bytes,cumulative_syscr,syscr,normalized_syscr,cumulative_vmRSS,vmRSS,normalized_vmRSS,cumulative_vmSize,vmSize,normalized_vmSize
L,H,L,L,namd_ID0000002,1,35,1.0,767.94,30.76,1.0,6581.96,1794.44,1.0,3.49,0.0,1.0,6603835.0,241341.0,1.0,9823.0,366.0,1.0,50898880.0,4187637.0,1.0,913003.0,34525.0,1.0,6150248.0,13496.0,1.0,985136772.0,202752.0,1.0
L,H,L,L,namd_ID0000002,1,30,0.85714,737.18,0.0,0.95994,4787.52,954.0,0.72737,3.49,0.0,1.0,6362494.0,235636.0,0.96345,9457.0,188.0,0.96274,46711243.0,1328962.0,0.91773,878478.0,9995.0,0.96219,6136752.0,0.0,0.99781,984934020.0,0.0,0.99979
L,H,L,L,namd_ID0000002,1,25,0.71429,737.18,44.53,0.95994,3833.52,1646.07,0.58243,3.49,0.01,1.0,6126858.0,773062.0,0.92777,9269.0,3021.0,0.9436,45382281.0,4551194.0,0.89162,868483.0,32613.0,0.95124,6136752.0,16596.0,0.99781,984934020.0,137216.0,0.99979
L,H,L,L,namd_ID0000002,1,20,0.57143,692.65,368.95,0.90196,2187.45,1608.79,0.33234,3.48,1.82,0.99713,5353796.0,862627.0,0.81071,6248.0,5439.0,0.63606,40831087.0,27415402.0,0.8022,835870.0,756193.0,0.91552,6120156.0,3233968.0,0.99511,984796804.0,462323876.0,0.99965
L,H,L,L,namd_ID0000002,1,15,0.42857,323.7,247.8,0.42152,578.66,513.53,0.08792,1.66,1.13,0.47564,4491169.0,0.0,0.68008,809.0,470.0,0.08236,13415685.0,9039994.0,0.26358,79677.0,76745.0,0.08727,2886188.0,2244904.0,0.46928,522472928.0,386007416.0,0.53036
L,H,L,L,namd_ID0000002,1,10,0.28571,75.9,75.88,0.09884,65.13,65.12,0.0099,0.53,0.53,0.15186,4491169.0,239553.0,0.68008,339.0,68.0,0.03451,4375691.0,178094.0,0.08597,2932.0,2227.0,0.00321,641284.0,639008.0,0.10427,136465512.0,136343560.0,0.13852
L,H,L,L,namd_ID0000002,1,0,0.0,0.02,0.02,3.0e-05,0.01,0.01,0.0,0.0,0.0,0.0,4251616.0,4251616.0,0.64381,271.0,271.0,0.02759,4197597.0,4197597.0,0.08247,705.0,705.0,0.00077,2276.0,2276.0,0.00037,121952.0,121952.0,0.00012
L,H,L,L,namd_ID0000002,2,24,1.0,700.82,16.47,1.0,5141.54,1425.86,1.0,2.92,0.0,1.0,6554450.0,459161.0,1.0,8951.0,208.0,1.0,40215458.0,102818.0,1.0,825465.0,447.0,1.0,6103676.0,304.0,1.0,984906132.0,131072.0,1.0
L,H,L,L,namd_ID0000002,2,19,0.79167,684.35,30.57,0.9765,3715.68,1411.52,0.72268,2.92,0.0,1.0,6095289.0,491200.0,0.92995,8743.0,1493.0,0.97676,40112640.0,796924.0,0.99744,825018.0,2479.0,0.99946,6103372.0,3184.0,0.99995,984775060.0,131072.0,0.99987
L,H,L,L,namd_ID0000002,2,14,0.58333,653.78,100.89,0.93288,2304.16,1571.53,0.44815,2.92,0.0,1.0,5604089.0,904274.0,0.85501,7250.0,4619.0,0.80997,39315716.0,1577058.0,0.97763,822539.0,4757.0,0.99646,6100188.0,16124.0,0.99943,984643988.0,0.0,0.99973
L,H,L,L,namd_ID0000002,2,9,0.375,552.89,552.87,0.78892,732.63,732.63,0.14249,2.92,2.92,1.0,4699815.0,448208.0,0.71704,2631.0,2360.0,0.29393,37738658.0,33541073.0,0.93841,817782.0,817077.0,0.99069,6084064.0,6081856.0,0.99679,984643988.0,984587480.0,0.99973
L,H,L,L,namd_ID0000002,2,0,0.0,0.02,0.02,3.0e-05,0.0,0.0,0.0,0.0,0.0,0.0,4251607.0,4251607.0,0.64866,271.0,271.0,0.03028,4197585.0,4197585.0,0.10438,705.0,705.0,0.00085,2208.0,2208.0,0.00036,56508.0,56508.0,6.0e-05
L,H,L,L,namd_ID0000002,3,24,1.0,709.47,17.95,1.0,5104.95,1424.18,1.0,4.24,0.0,1.0,6353151.0,234368.0,1.0,9799.0,170.0,1.0,57698069.0,609103.0,1.0,969375.0,4611.0,1.0,6149468.0,944.0,1.0,984951120.0,77824.0,1.0
L,H,L,L,namd_ID0000002,3,19,0.79167,691.52,33.72,0.9747,3680.77,1407.85,0.72102,4.24,0.0,1.0,6118783.0,797450.0,0.96311,9629.0,3248.0,0.98265,57088966.0,7651690.0,0.98944,964764.0,56660.0,0.99524,6148524.0,17452.0,0.99985,984873296.0,83968.0,0.99992
L,H,L,L,namd_ID0000002,3,14,0.58333,657.8,124.03,0.92717,2272.92,1687.39,0.44524,4.24,0.0,1.0,5321333.0,754887.0,0.83759,6381.0,4652.0,0.65119,49437276.0,12434067.0,0.85683,908104.0,95996.0,0.93679,6131072.0,45628.0,0.99701,984789328.0,366592.0,0.99984
L,H,L,L,namd_ID0000002,3,8,0.33333,533.77,533.76,0.75235,585.53,585.52,0.1147,4.24,4.24,1.0,4566446.0,314834.0,0.71877,1729.0,1458.0,0.17645,37003209.0,32805619.0,0.64132,812108.0,811403.0,0.83776,6085444.0,6083240.0,0.98959,984422736.0,984366228.0,0.99946
L,H,L,L,namd_ID0000002,3,0,0.0,0.01,0.01,1.0e-05,0.01,0.01,0.0,0.0,0.0,0.0,4251612.0,4251612.0,0.66921,271.0,271.0,0.02766,4197590.0,4197590.0,0.07275,705.0,705.0,0.00073,2204.0,2204.0,0.00036,56508.0,56508.0,6.0e-05
L,H,L,L,namd_ID0000002,4,34,1.0,708.47,12.5,1.0,6160.01,1429.71,1.0,2.78,0.0,1.0,6789163.0,236999.0,1.0,9181.0,190.0,1.0,40604550.0,108580.0,1.0,828984.0,463.0,1.0,6126544.0,1032.0,1.0,985034832.0,131072.0,1.0
L,H,L,L,namd_ID0000002,4,29,0.85294,695.97,20.4,0.98236,4730.3,1421.96,0.7679,2.78,0.0,1.0,6552164.0,458185.0,0.96509,8991.0,196.0,0.97931,40495970.0,102746.0,0.99733,828521.0,444.0,0.99944,6125512.0,2604.0,0.99983,984903760.0,196608.0,0.99987
L,H,L,L,namd_ID0000002,4,24,0.70588,675.57,54.27,0.95356,3308.34,1703.73,0.53707,2.78,0.0,1.0,6093979.0,653003.0,0.8976,8795.0,2285.0,0.95796,40393224.0,1260255.0,0.9948,828077.0,3825.0,0.99891,6122908.0,15708.0,0.99941,984707152.0,0.0,0.99967
L,H,L,L,namd_ID0000002,4,19,0.55882,621.3,590.66,0.87696,1604.61,1553.72,0.26049,2.78,2.43,1.0,5440976.0,836807.0,0.80142,6510.0,5427.0,0.70907,39132969.0,32604077.0,0.96376,824252.0,267297.0,0.99429,6107200.0,5784284.0,0.99684,984707152.0,933308696.0,0.99967
L,H,L,L,namd_ID0000002,4,14,0.41176,30.64,30.63,0.04325,50.89,50.88,0.00826,0.35,0.35,0.1259,4604169.0,352564.0,0.67816,1083.0,811.0,0.11796,6528892.0,2331056.0,0.16079,556955.0,556253.0,0.67185,322916.0,320688.0,0.05271,51398456.0,51276412.0,0.05218
L,H,L,L,namd_ID0000002,4,5,0.14706,0.01,0.0,1.0e-05,0.01,0.0,0.0,0.0,0.0,0.0,4251605.0,0.0,0.62623,272.0,0.0,0.02963,4197836.0,242.0,0.10338,702.0,1.0,0.00085,2228.0,12.0,0.00036,122044.0,0.0,0.00012
L,H,L,L,namd_ID0000002,4,0,0.0,0.01,0.01,1.0e-05,0.01,0.01,0.0,0.0,0.0,0.0,4251605.0,4251605.0,0.62623,272.0,272.0,0.02963,4197594.0,4197594.0,0.10338,701.0,701.0,0.00085,2216.0,2216.0,0.00036,122044.0,122044.0,0.00012
L,H,L,L,namd_ID0000002,5,24,1.0,701.16,19.09,1.0,5014.31,1430.62,1.0,2.11,0.0,1.0,6325270.0,236568.0,1.0,8866.0,183.0,1.0,40688088.0,106787.0,1.0,829468.0,455.0,1.0,6123704.0,2332.0,1.0,984865488.0,131072.0,1.0
L,H,L,L,namd_ID0000002,5,19,0.79167,682.07,35.73,0.97277,3583.69,1407.0,0.71469,2.11,0.0,1.0,6088702.0,808248.0,0.9626,8683.0,3070.0,0.97936,40581301.0,1372413.0,0.99738,829013.0,4160.0,0.99945,6121372.0,14000.0,0.99962,984734416.0,131072.0,0.99987
L,H,L,L,namd_ID0000002,5,14,0.58333,646.34,137.02,0.92182,2176.69,1660.13,0.4341,2.11,0.03,1.0,5280454.0,747967.0,0.83482,5613.0,4810.0,0.63309,39208888.0,26249165.0,0.96365,824853.0,209865.0,0.99444,6107372.0,153128.0,0.99733,984603344.0,327604.0,0.99973
L,H,L,L,namd_ID0000002,5,9,0.375,509.32,509.3,0.7264,516.56,516.56,0.10302,2.08,2.08,0.98578,4532487.0,1321261.0,0.71657,803.0,598.0,0.09057,12959723.0,9788296.0,0.31851,614988.0,614415.0,0.74142,5954244.0,5951948.0,0.97233,984275740.0,984153788.0,0.9994
L,H,L,L,namd_ID0000002,5,0,0.0,0.02,0.02,3.0e-05,0.0,0.0,0.0,0.0,0.0,0.0,3211226.0,3211226.0,0.50768,205.0,205.0,0.02312,3171427.0,3171427.0,0.07794,573.0,573.0,0.00069,2296.0,2296.0,0.00037,121952.0,121952.0,0.00012
